###### Camera Calibration File For Cam 1 of Euroc Datasets ######
image_width: 640
image_height: 480
camera_name: cam1
camera_matrix:
  rows: 3
  cols: 3
  data: [360.797018596566, 0.0, 317.9939427459874, 0.0, 360.52370777558116, 251.75446396617815, 0.0, 0.0, 1.0]
distortion_model: equidistant
distortion_coefficients:
  rows: 1
  cols: 5
  data:  [-0.035662756684414376, 0.003407990332869955, 0.000988290984696891, -0.0021636881784947684, 0.0]

# distortion_coeffs: [-0.035662756684414376, 0.003407990332869955, 0.000988290984696891,
#   -0.0021636881784947684]
# distortion_model: equidistant
# intrinsics: [360.797018596566, 360.52370777558116, 317.9939427459874, 251.75446396617815]
# resolution: [640, 480]


###### Original Calibration File ######
## Camera specific definitions.
#rate_hz: 20
#resolution: [752, 480]
#camera_model: pinhole
#intrinsics: [457.587, 456.134, 379.999, 255.238] #fu, fv, cu, cv
#distortion_model: radial-tangential
#distortion_coefficients: [-0.28368365,  0.07451284, -0.00010473, -3.55590700e-05]
